-1.000000000000000000e+00 -7.429693000000000298e-11 5.460929999999999907e-05 -3.347399999999999665e+01
-9.599999999999999645e-01 -7.111417999999999658e-11 5.460929999999999907e-05 -3.347399999999999665e+01
-9.200000000000000400e-01 -7.035646000000000170e-11 5.460929999999999907e-05 -3.346800000000000352e+01
-8.800000000000000044e-01 -7.257932999999999746e-11 5.460929999999999907e-05 -3.347399999999999665e+01
-8.399999999999999689e-01 -7.247836999999999422e-11 5.460929999999999907e-05 -3.347399999999999665e+01
-8.000000000000000444e-01 -7.161953999999999999e-11 5.460929999999999907e-05 -3.347399999999999665e+01
-7.600000000000000089e-01 -7.480233000000000364e-11 5.460929999999999907e-05 -3.347399999999999665e+01
-7.199999999999999734e-01 -7.060917000000000134e-11 5.460929999999999907e-05 -3.347399999999999665e+01
-6.799999999999999378e-01 -6.858850000000000567e-11 5.460929999999999907e-05 -3.347399999999999665e+01
-6.400000000000000133e-01 -7.197335999999999898e-11 5.460929999999999907e-05 -3.347399999999999665e+01
-5.999999999999999778e-01 -7.525717999999999457e-11 5.460929999999999907e-05 -3.347399999999999665e+01
-5.600000000000000533e-01 -7.086193999999999684e-11 5.460929999999999907e-05 -3.347399999999999665e+01
-5.200000000000000178e-01 -7.353954000000000473e-11 5.460929999999999907e-05 -3.347399999999999665e+01
-4.799999999999999822e-01 -7.283230000000000501e-11 5.460929999999999907e-05 -3.347399999999999665e+01
-4.399999999999999467e-01 -7.490360000000000488e-11 5.460929999999999907e-05 -3.347399999999999665e+01
-4.000000000000000222e-01 -7.010424000000000058e-11 5.460929999999999907e-05 -3.347399999999999665e+01
-3.599999999999999867e-01 -7.222614000000000025e-11 5.460929999999999907e-05 -3.347399999999999665e+01
-3.199999999999999512e-01 -6.661849000000000566e-11 5.460929999999999907e-05 -3.347399999999999665e+01
-2.800000000000000266e-01 -7.010438999999999670e-11 5.460929999999999907e-05 -3.347399999999999665e+01
-2.399999999999999911e-01 -7.076115000000000126e-11 5.460929999999999907e-05 -3.347399999999999665e+01
-1.999999999999999556e-01 -7.530797000000000066e-11 5.460929999999999907e-05 -3.347399999999999665e+01
-1.600000000000000311e-01 -7.030658000000000394e-11 5.460929999999999907e-05 -3.346800000000000352e+01
-1.199999999999999956e-01 -7.071078000000000498e-11 5.460929999999999907e-05 -3.347399999999999665e+01
-7.999999999999996003e-02 -7.374196999999999542e-11 5.460929999999999907e-05 -3.347399999999999665e+01
-4.000000000000003553e-02 -7.444927999999999677e-11 5.460929999999999907e-05 -3.347399999999999665e+01
0.000000000000000000e+00 -7.131708000000000008e-11 5.460929999999999907e-05 -3.347399999999999665e+01
4.000000000000003553e-02 -7.348938000000000043e-11 5.460929999999999907e-05 -3.347399999999999665e+01
8.000000000000007105e-02 -7.429776000000000390e-11 5.460929999999999907e-05 -3.347399999999999665e+01
1.200000000000001066e-01 -7.434831000000000069e-11 5.460929999999999907e-05 -3.347399999999999665e+01
1.599999999999999201e-01 -7.535875000000000098e-11 5.460929999999999907e-05 -3.347399999999999665e+01
1.999999999999999556e-01 -7.268124000000000626e-11 5.460929999999999907e-05 -3.347399999999999665e+01
2.399999999999999911e-01 -7.409581000000000596e-11 5.460929999999999907e-05 -3.347399999999999665e+01
2.800000000000000266e-01 -7.278239000000000285e-11 5.460929999999999907e-05 -3.347399999999999665e+01
3.200000000000000622e-01 -7.444961000000000633e-11 5.460929999999999907e-05 -3.347399999999999665e+01
3.600000000000000977e-01 -7.015543999999999778e-11 5.460929999999999907e-05 -3.347399999999999665e+01
4.000000000000001332e-01 -7.101427999999999778e-11 5.460929999999999907e-05 -3.347399999999999665e+01
4.399999999999999467e-01 -7.212575999999999579e-11 5.460929999999999907e-05 -3.347399999999999665e+01
4.799999999999999822e-01 -6.934725000000000059e-11 5.460929999999999907e-05 -3.347399999999999665e+01
5.200000000000000178e-01 -7.273206000000000382e-11 5.460929999999999907e-05 -3.347399999999999665e+01
5.600000000000000533e-01 -7.050920999999999375e-11 5.460929999999999907e-05 -3.347399999999999665e+01
6.000000000000000888e-01 -7.202480000000000547e-11 5.460929999999999907e-05 -3.347399999999999665e+01
6.400000000000001243e-01 -7.283322999999999903e-11 5.460929999999999907e-05 -3.347399999999999665e+01
6.799999999999999378e-01 -7.177227999999999920e-11 5.460929999999999907e-05 -3.347399999999999665e+01
7.199999999999999734e-01 -7.394463999999999540e-11 5.460929999999999907e-05 -3.347399999999999665e+01
7.600000000000000089e-01 -7.515718999999999552e-11 5.460929999999999907e-05 -3.347399999999999665e+01
8.000000000000000444e-01 -7.081256000000000336e-11 5.460929999999999907e-05 -3.347399999999999665e+01
8.400000000000000799e-01 -7.424783999999999597e-11 5.460929999999999907e-05 -3.347399999999999665e+01
8.800000000000001155e-01 -7.283333999999999791e-11 5.460929999999999907e-05 -3.347399999999999665e+01
9.199999999999999289e-01 -7.136834000000000607e-11 5.460929999999999907e-05 -3.347399999999999665e+01
9.599999999999999645e-01 -7.626884999999999404e-11 5.460929999999999907e-05 -3.347399999999999665e+01
1.000000000000000000e+00 -7.455116999999999403e-11 5.460929999999999907e-05 -3.347399999999999665e+01
