-1.000000000000000000e+00 -8.248837999999999955e-11 5.460929999999999907e-05 -3.347399999999999665e+01
-9.599999999999999645e-01 -8.258945999999999451e-11 5.460929999999999907e-05 -3.347399999999999665e+01
-9.200000000000000400e-01 -8.233683000000000228e-11 5.460929999999999907e-05 -3.347399999999999665e+01
-8.800000000000000044e-01 -7.991204000000000005e-11 5.460929999999999907e-05 -3.347399999999999665e+01
-8.399999999999999689e-01 -8.188221999999999479e-11 5.460929999999999907e-05 -3.347399999999999665e+01
-8.000000000000000444e-01 -7.844699000000000519e-11 5.460929999999999907e-05 -3.347399999999999665e+01
-7.600000000000000089e-01 -7.748731999999999945e-11 5.460929999999999907e-05 -3.347399999999999665e+01
-7.199999999999999734e-01 -7.723470000000000007e-11 5.460929999999999907e-05 -3.347399999999999665e+01
-6.799999999999999378e-01 -8.036682000000000227e-11 5.460929999999999907e-05 -3.347399999999999665e+01
-6.400000000000000133e-01 -7.733588999999999390e-11 5.460929999999999907e-05 -3.347399999999999665e+01
-5.999999999999999778e-01 -7.875037000000000627e-11 5.460929999999999907e-05 -3.347399999999999665e+01
-5.600000000000000533e-01 -7.491094000000000271e-11 5.460929999999999907e-05 -3.347399999999999665e+01
-5.200000000000000178e-01 -7.612345000000000558e-11 5.460929999999999907e-05 -3.347399999999999665e+01
-4.799999999999999822e-01 -7.789157000000000351e-11 5.460929999999999907e-05 -3.346800000000000352e+01
-4.399999999999999467e-01 -7.743690000000000015e-11 5.460929999999999907e-05 -3.347399999999999665e+01
-4.000000000000000222e-01 -8.072053999999999524e-11 5.460929999999999907e-05 -3.347399999999999665e+01
-3.599999999999999867e-01 -7.647711999999999553e-11 5.460929999999999907e-05 -3.347399999999999665e+01
-3.199999999999999512e-01 -7.910403999999999622e-11 5.460929999999999907e-05 -3.347399999999999665e+01
-2.800000000000000266e-01 -7.617407999999999686e-11 5.460929999999999907e-05 -3.347399999999999665e+01
-2.399999999999999911e-01 -8.011443999999999926e-11 5.460929999999999907e-05 -3.347399999999999665e+01
-1.999999999999999556e-01 -7.925568999999999952e-11 5.460929999999999907e-05 -3.347399999999999665e+01
-1.600000000000000311e-01 -8.046809999999999637e-11 5.460929999999999907e-05 -3.347399999999999665e+01
-1.199999999999999956e-01 -7.869999000000000422e-11 5.460929999999999907e-05 -3.347399999999999665e+01
-7.999999999999996003e-02 -7.920516999999999419e-11 5.460929999999999907e-05 -3.347399999999999665e+01
-4.000000000000003553e-02 -8.082171999999999623e-11 5.460929999999999907e-05 -3.347399999999999665e+01
0.000000000000000000e+00 -7.814435000000000478e-11 5.460929999999999907e-05 -3.347399999999999665e+01
4.000000000000003553e-02 -7.834644000000000599e-11 5.460929999999999907e-05 -3.347399999999999665e+01
8.000000000000007105e-02 -7.981141000000000636e-11 5.460929999999999907e-05 -3.347399999999999665e+01
1.200000000000001066e-01 -7.965987999999999479e-11 5.460929999999999907e-05 -3.347399999999999665e+01
1.599999999999999201e-01 -7.950836000000000191e-11 5.460929999999999907e-05 -3.347399999999999665e+01
1.999999999999999556e-01 -7.839693999999999977e-11 5.460929999999999907e-05 -3.347399999999999665e+01
2.399999999999999911e-01 -7.890215999999999991e-11 5.460929999999999907e-05 -3.347399999999999665e+01
2.800000000000000266e-01 -7.667945000000000604e-11 5.460929999999999907e-05 -3.347399999999999665e+01
3.200000000000000622e-01 -7.824548000000000275e-11 5.460929999999999907e-05 -3.347399999999999665e+01
3.600000000000000977e-01 -8.274154000000000046e-11 5.460929999999999907e-05 -3.347399999999999665e+01
4.000000000000001332e-01 -7.859910000000000261e-11 5.460929999999999907e-05 -3.347399999999999665e+01
4.399999999999999467e-01 -7.667951999999999475e-11 5.460929999999999907e-05 -3.347399999999999665e+01
4.799999999999999822e-01 -8.193337999999999474e-11 5.460929999999999907e-05 -3.347399999999999665e+01
5.200000000000000178e-01 -7.546716999999999376e-11 5.460929999999999907e-05 -3.347399999999999665e+01
5.600000000000000533e-01 -8.061996000000000457e-11 5.460929999999999907e-05 -3.347399999999999665e+01
6.000000000000000888e-01 -8.092300000000000324e-11 5.460929999999999907e-05 -3.347399999999999665e+01
6.400000000000001243e-01 0.000000000000000000e+00 0.000000000000000000e+00 0.000000000000000000e+00
6.799999999999999378e-01 0.000000000000000000e+00 0.000000000000000000e+00 0.000000000000000000e+00
7.199999999999999734e-01 0.000000000000000000e+00 0.000000000000000000e+00 0.000000000000000000e+00
7.600000000000000089e-01 0.000000000000000000e+00 0.000000000000000000e+00 0.000000000000000000e+00
8.000000000000000444e-01 0.000000000000000000e+00 0.000000000000000000e+00 0.000000000000000000e+00
8.400000000000000799e-01 0.000000000000000000e+00 0.000000000000000000e+00 0.000000000000000000e+00
8.800000000000001155e-01 0.000000000000000000e+00 0.000000000000000000e+00 0.000000000000000000e+00
9.199999999999999289e-01 0.000000000000000000e+00 0.000000000000000000e+00 0.000000000000000000e+00
9.599999999999999645e-01 0.000000000000000000e+00 0.000000000000000000e+00 0.000000000000000000e+00
1.000000000000000000e+00 0.000000000000000000e+00 0.000000000000000000e+00 0.000000000000000000e+00
